0.6838019105526403
0.7020199377818986
0.7088626277397514
0.7186661620881971
0.7249118565001899
0.7242109930100709
0.7328931384085022
0.7303404233290792
0.7364806515869236
0.7384321799886052
0.7429227039714732
0.7468730956972964
0.7456244185260126
0.7479774700837525
0.7515068527909681
0.7405960792069888
0.7575242920637848
0.7606599619409742
0.761117188159995
0.7646492511904576
0.7654090782611925
0.7663069126733754
0.7669141747975541
0.7719898164468979
0.773756533239026
0.7747679898253511
0.7765062058234153
0.7794798625100371
0.7807616150537895
0.7810773923643732
0.7799352343449506
0.7856559235983275
0.7884913336085555
0.7879799142660833
0.7883305276308412
0.7916813800486229
0.7954006822598424
0.7959127121617313
0.7983525296989177
0.8002440478234178
0.8017504046978207
0.8055709935558371
0.805048644222043
0.809618171334209
0.8091780813017475
0.814709752604024
0.8175396837669318
0.8190911584291726
0.8219948856381825
0.8246515010367237
0.8272690148304899
0.8292309650033953
0.8322238938024501
0.8355101225256786
0.8414625146234074
0.8397234669282587
0.8474907676965677
0.8525266955521131
0.855069939410066
0.8578371481952092
0.8632678769693637
0.8685055018788275
0.8749609494698241
0.8778650702832409
0.8800332760640007
0.8855642468525552
0.8927097247953242
0.8963689636584948
0.8996126401384803
0.9039238232110804
0.9085223707446571
0.9127610976340169
0.912006951373228
0.9160943605628966
0.9239337423789183
0.9283641647179731
0.9300382696958416
0.9360063216648427
0.940269765020608
0.9398159159447805
0.9445763590113012
0.9450877220780121
0.9508911700529419
0.9556949019450622
0.9565246670760054
