0.6832764726790498
0.707350579843199
0.7219236692599358
0.7311676015675761
0.7371949018638534
0.7453014025012066
0.747659006637657
0.7524010552437457
0.7598649554578736
0.7662429208317704
0.7689358485454524
0.7733183088349599
0.7799536050674405
0.7825558198392409
0.7896573486396603
0.7948634628709608
0.7993071006164921
0.8048628616926484
0.8061632966483867
0.8181159510921983
0.8247156926138247
0.8239544861350983
0.8352005464671912
0.8428303382821886
0.8497305308779961
0.8605899015516016
0.8633785803544372
0.865885583056754
0.8679105218852055
0.8699507828760418
0.8714295258971418
0.8735548768166419
0.8752644226501566
0.8767994292103813
0.8789097749260546
0.8799742487657518
0.8823074720261952
0.8840011772650229
0.8861395129472907
0.8875132641928354
0.8895218563249909
0.8910864147757838
0.8931061900858661
0.8952350606848503
0.896802949726397
0.8984418124977106
0.8997872932669784
0.9022222665258041
0.9039967469285641
0.9057856430519846
0.9063214847168017
0.9065486204789409
0.9068640547029341
0.9069677159587075
0.9074845113746196
0.9076215302507913
