0.6864312638757062
0.7108556780928206
0.7280038916405374
0.7327574728666105
0.7414495938498737
0.7460392292801364
0.7483912175193193
0.7592852147339613
0.7639709127255925
0.7711947811740738
0.7752484164874003
0.7844631252159594
0.7881232611234544
0.7919386384983363
0.7929654371282517
0.8011100887663057
0.8099137555871327
0.8156133897207551
0.8210443684766211
0.8229604170207294
0.8336008474429989
0.8372885573327457
0.8474396777793756
0.851902066869268
0.8642515436505117
0.8696548434231158
0.879644568191584
0.8873925050462668
0.8981498214738661
0.9082764470263199
0.920666332683061
0.9298818946195164
0.9383342727121311
0.9455556531309897
0.9510246361686079
0.9599672897790003
0.9631831597318173
0.9709152137849922
0.9775208074968992
0.9795311291852671
0.9839393030433731
0.986538164844484
0.9883811280684156
0.9912299199223134
0.9932080384038702
0.9927754268008183
0.9953522829867414
0.9947749306691449
0.9963722811037523
0.9965949178469301
0.9980069277015567
0.9983224329764145
0.9984805703640521
0.9981698612398291
0.9989869058759371
0.9988907140867351
0.9992378982151966
0.9992206462722211
0.9992355865090494
0.9993702756990769
0.9995862818430387
0.9995445073568888
0.9994860041402457
0.9996065454626807
0.9996020284637227
0.9996158278127014
0.9996141790306755
0.999549777831796
0.9996916048090534
0.9997597555706421
0.9996366174151581
0.9997436000272454
0.9997801291887558
0.9997728051374477
0.9997586688400648
0.9999216771229773
0.9998477870485522
0.9998808978921329
0.9998207624068145
0.9997295340745641
0.9997966475913076
0.9998321473300863
0.9998955017237594
0.9998808822479057
0.999872241528475
0.9998779990929098
0.9998434154648573
0.9999159135833171
0.9998303842582905
0.9999068179319365
0.9999153819511988
0.9998819446430187
0.9998930664390827
0.9998254684401828
0.9999195283775286
0.9999265649661648
0.999855306326777
0.9999460799986789
0.9999071742726636
0.9999494351421778
0.999900065492438
0.9999503617910291
0.9999130901262567
0.9998607233576722
0.9999410896532124
0.9998934408684472
0.9999218443749742
0.9999107248603599
0.9998796030607436
0.999930460813261
0.9998709141592662
0.9999512097298632
0.9999346382021237
0.9999285217439109
0.9999509810960032
0.9999488578267436
0.9998963814942499
0.9999325672432483
0.999880323672952
0.9999325925564768
0.9999415620219567
0.9999734699439822
0.9999450017963781
