0.6410546874413724
0.6687023791528098
0.6842018503282328
0.6895131808949313
0.6995657885574519
0.7065636168285696
0.7127643866154723
0.72028469399142
0.7215325651047695
0.72479390875159
0.7275925454308612
0.7289806958837153
0.724995145387215
0.7345147623280166
0.7369011310919016
0.7393081420874514
0.7396093054628452
0.7396779951897836
0.7463900381977324
0.7473997911929167
0.7502890641139008
0.7510130541715317
0.7517600478156673
0.7521960708379791
0.7527556842860332
0.7531538570787732
0.7535184198249929
0.7536291283704883
0.7544789986689551
0.7544845268933669
0.75529238853116
0.7553215927179182
0.7559057268079388
0.7564746664424414
0.755753648299067
0.7573953218165064
0.7574719232853517
0.7581686562106488
0.7576917679142436
0.7590087000333225
0.7590736335161633
0.7591110709662863
0.7591328270886448
0.7591883438875291
0.7592713793163479
0.7592771458436212
0.7593079126605163
0.7594063562949689
0.7594217742782445
0.7595025270079205
0.7595325720175623
0.7595808945361746
0.7596282698728876
0.7596629388923459
0.7597019430466232
0.7597710030745888
0.7598014131161948
0.7598557091221672
0.7598867636733354
0.759940459603696
0.7599437378840657
0.759946920941067
0.7599498605347852
0.7599529007295741
0.7599562004664355
0.7599597930979921
0.7599635970895747
0.7599668136621598
0.7599708132065803
0.7599753188526099
0.7599786774726037
0.759983580253855
0.7599885645697761
0.7599930940080675
0.759997247061466
0.7600013899569809
0.7600055860320037
0.7600096405484998
0.760013942873898
0.7600173169208378
0.7600175582656321
0.7600180630635556
0.7600185174523029
0.7600190857505783
0.7600194903276722
0.7600196046174421
0.7600202290828383
0.7600207640284908
0.7600211744721699
0.7600218840030507
0.7600221751051782
0.7600226750686009
0.7600229718200326
0.7600235162174056
0.7600238247020077
0.7600242544293694
0.7600245807853281
0.7600252250776093
0.760025713851064
0.7600260899643558
0.7600260793175901
0.7600260806755961
0.7600261014259249
0.7600260919198842
0.7600261495536513
0.7600261401019308
0.7600261414056163
0.7600261190800006
0.7600262459177441
0.7600262370092261
0.7600262326092871
0.7600262237550893
0.7600262460807048
0.7600263330473975
0.7600263043119945
0.7600263579260642
0.760026332884437
0.7600262971417238
0.7600263659111385
0.7600263470076974
0.7600263608593568
0.760026357165581
0.7600263566766989
0.7600263404349492
0.7600263409781516
0.7600263504841923
0.7600263289733802
0.7600263209883059
0.7600263068650454
0.7600262942627514
0.7600263085489727
0.7600263163167659
0.7600263064848038
0.7600263125143496
0.7600263122427484
0.760026305126798
0.7600262901887339
0.7600263130032316
0.7600263323955547
0.760026325931447
0.7600263328301167
0.7600263316893918
0.7600263316350715
0.7600263319066727
0.7600263321782739
0.7600263318523525
0.7600263331560381
0.7600263346226844
0.7600263335905999
0.760026335002926
