0.6858363793770536
0.7116958948167956
0.7193274484542234
0.7040842643197911
0.7308239332618622
0.7409905788655868
0.7447232817152767
0.7526861987133642
0.7517304632786391
0.7607188480066179
0.7696610580379895
0.7734508228799055
0.7819902853228513
0.7849922371471354
0.7953240867662228
0.799821839794312
0.8070595642477749
0.8130988394936923
0.8152739506797262
0.8218100535499013
0.8262100191319499
0.8322676038271348
0.8424772073919213
0.8448627900333974
0.8583462619697206
0.8688689304185864
0.8780426047198471
0.8849452362397869
0.8944511446550392
0.9057699110977633
0.9165918953822649
0.9229979076503602
0.9324061708842615
0.9405741571906392
0.9482073040948151
0.9553772159301386
0.9619650911425904
0.9625244288068227
0.9686655160305083
0.9735602679911065
0.9771982807344299
0.9779377830752608
0.9840489949313915
0.9862876016893838
0.9894914120073178
0.9895493640908788
0.9914374098488177
0.9929625350698146
0.9948247724160282
0.9943027654626613
0.9964844941024151
0.9967123469459472
0.9964494444067653
